[SYNAPSES]
synapse_0 = 3.022298785387626
synapse_1 = 11.911473466208346
synapse_2 = 10.653198061886417
synapse_3 = -10.911147612161198
synapse_4 = -13.079986275756253
synapse_5 = 14.085199137551605
synapse_6 = -4.020076952379423

[BIASES]
bias_0 = 0.16618595627934596
bias_1 = -13.50581900677038
bias_2 = -1.7446090404245442
bias_3 = 9.27046432845152
bias_4 = 4.893236762646925

[JUNCTIONS]
junction_0 = 0.6773266453542823
junction_1 = 0.8776291121709379

[TIMES]
m = 4.144022203904119
n = 2.5405739640409295